380.00000000 0.00174249
381.00000000 0.00175878
382.00000000 0.00177507
383.00000000 0.00179136
384.00000000 0.00180766
385.00000000 0.00182395
386.00000000 0.00184024
387.00000000 0.00185653
388.00000000 0.00187283
389.00000000 0.00188912
390.00000000 0.00190541
391.00000000 0.00200341
392.00000000 0.00210141
393.00000000 0.00219941
394.00000000 0.00229741
395.00000000 0.00239540
396.00000000 0.00249341
397.00000000 0.00259141
398.00000000 0.00268941
399.00000000 0.00278740
400.00000000 0.00288540
401.00000000 0.00291584
402.00000000 0.00294629
403.00000000 0.00297673
404.00000000 0.00300717
405.00000000 0.00303761
406.00000000 0.00306806
407.00000000 0.00309850
408.00000000 0.00312894
409.00000000 0.00315939
410.00000000 0.00318983
411.00000000 0.00319661
412.00000000 0.00320340
413.00000000 0.00321018
414.00000000 0.00321697
415.00000000 0.00322375
416.00000000 0.00323054
417.00000000 0.00323732
418.00000000 0.00324410
419.00000000 0.00325089
420.00000000 0.00325767
421.00000000 0.00323414
422.00000000 0.00321061
423.00000000 0.00318707
424.00000000 0.00316354
425.00000000 0.00314000
426.00000000 0.00311647
427.00000000 0.00309294
428.00000000 0.00306941
429.00000000 0.00304587
430.00000000 0.00302234
431.00000000 0.00308574
432.00000000 0.00314913
433.00000000 0.00321253
434.00000000 0.00327593
435.00000000 0.00333932
436.00000000 0.00340272
437.00000000 0.00346612
438.00000000 0.00352950
439.00000000 0.00359292
440.00000000 0.00365631
441.00000000 0.00369864
442.00000000 0.00374100
443.00000000 0.00378333
444.00000000 0.00382566
445.00000000 0.00386799
446.00000000 0.00391035
447.00000000 0.00395268
448.00000000 0.00399501
449.00000000 0.00403737
450.00000000 0.00407970
451.00000000 0.00408249
452.00000000 0.00408531
453.00000000 0.00408810
454.00000000 0.00409093
455.00000000 0.00409372
456.00000000 0.00409651
457.00000000 0.00409933
458.00000000 0.00410212
459.00000000 0.00410494
460.00000000 0.00410773
461.00000000 0.00409745
462.00000000 0.00408716
463.00000000 0.00407688
464.00000000 0.00406659
465.00000000 0.00405627
466.00000000 0.00404598
467.00000000 0.00403570
468.00000000 0.00402541
469.00000000 0.00401513
470.00000000 0.00400484
471.00000000 0.00400854
472.00000000 0.00401223
473.00000000 0.00401596
474.00000000 0.00401966
475.00000000 0.00402336
476.00000000 0.00402705
477.00000000 0.00403075
478.00000000 0.00403448
479.00000000 0.00403817
480.00000000 0.00404187
481.00000000 0.00401708
482.00000000 0.00399229
483.00000000 0.00396746
484.00000000 0.00394267
485.00000000 0.00391788
486.00000000 0.00389309
487.00000000 0.00386830
488.00000000 0.00384348
489.00000000 0.00381869
490.00000000 0.00379390
491.00000000 0.00379578
492.00000000 0.00379770
493.00000000 0.00379958
494.00000000 0.00380146
495.00000000 0.00380335
496.00000000 0.00380526
497.00000000 0.00380715
498.00000000 0.00380903
499.00000000 0.00381095
500.00000000 0.00381283
501.00000000 0.00380742
502.00000000 0.00380202
503.00000000 0.00379658
504.00000000 0.00379118
505.00000000 0.00378577
506.00000000 0.00378037
507.00000000 0.00377496
508.00000000 0.00376952
509.00000000 0.00376412
510.00000000 0.00375872
511.00000000 0.00374822
512.00000000 0.00373773
513.00000000 0.00372720
514.00000000 0.00371670
515.00000000 0.00370621
516.00000000 0.00369571
517.00000000 0.00368522
518.00000000 0.00367469
519.00000000 0.00366419
520.00000000 0.00365370
521.00000000 0.00366381
522.00000000 0.00367392
523.00000000 0.00368403
524.00000000 0.00369414
525.00000000 0.00370422
526.00000000 0.00371433
527.00000000 0.00372444
528.00000000 0.00373455
529.00000000 0.00374466
530.00000000 0.00375478
531.00000000 0.00374334
532.00000000 0.00373187
533.00000000 0.00372043
534.00000000 0.00370896
535.00000000 0.00369752
536.00000000 0.00368609
537.00000000 0.00367462
538.00000000 0.00366318
539.00000000 0.00365171
540.00000000 0.00364027
541.00000000 0.00363902
542.00000000 0.00363776
543.00000000 0.00363651
544.00000000 0.00363525
545.00000000 0.00363400
546.00000000 0.00363278
547.00000000 0.00363152
548.00000000 0.00363027
549.00000000 0.00362901
550.00000000 0.00362776
551.00000000 0.00361364
552.00000000 0.00359955
553.00000000 0.00358543
554.00000000 0.00357134
555.00000000 0.00355722
556.00000000 0.00354310
557.00000000 0.00352901
558.00000000 0.00351489
559.00000000 0.00350081
560.00000000 0.00348668
561.00000000 0.00347390
562.00000000 0.00346112
563.00000000 0.00344834
564.00000000 0.00343556
565.00000000 0.00342278
566.00000000 0.00341000
567.00000000 0.00339721
568.00000000 0.00338443
569.00000000 0.00337165
570.00000000 0.00335887
571.00000000 0.00335697
572.00000000 0.00335506
573.00000000 0.00335316
574.00000000 0.00335125
575.00000000 0.00334935
576.00000000 0.00334744
577.00000000 0.00334554
578.00000000 0.00334363
579.00000000 0.00334173
580.00000000 0.00333983
581.00000000 0.00331506
582.00000000 0.00329030
583.00000000 0.00326553
584.00000000 0.00324077
585.00000000 0.00321601
586.00000000 0.00319124
587.00000000 0.00316648
588.00000000 0.00314172
589.00000000 0.00311695
590.00000000 0.00309219
591.00000000 0.00309679
592.00000000 0.00310140
593.00000000 0.00310600
594.00000000 0.00311060
595.00000000 0.00311521
596.00000000 0.00311982
597.00000000 0.00312442
598.00000000 0.00312902
599.00000000 0.00313363
600.00000000 0.00313823
601.00000000 0.00313681
602.00000000 0.00313539
603.00000000 0.00313398
604.00000000 0.00313256
605.00000000 0.00313113
606.00000000 0.00312971
607.00000000 0.00312830
608.00000000 0.00312688
609.00000000 0.00312546
610.00000000 0.00312404
611.00000000 0.00311741
612.00000000 0.00311079
613.00000000 0.00310416
614.00000000 0.00309753
615.00000000 0.00309091
616.00000000 0.00308428
617.00000000 0.00307765
618.00000000 0.00307103
619.00000000 0.00306440
620.00000000 0.00305778
621.00000000 0.00304240
622.00000000 0.00302702
623.00000000 0.00301165
624.00000000 0.00299627
625.00000000 0.00298089
626.00000000 0.00296552
627.00000000 0.00295014
628.00000000 0.00293476
629.00000000 0.00291939
630.00000000 0.00290401
631.00000000 0.00290544
632.00000000 0.00290687
633.00000000 0.00290831
634.00000000 0.00290974
635.00000000 0.00291117
636.00000000 0.00291260
637.00000000 0.00291403
638.00000000 0.00291546
639.00000000 0.00291689
640.00000000 0.00291833
641.00000000 0.00290552
642.00000000 0.00289272
643.00000000 0.00287991
644.00000000 0.00286711
645.00000000 0.00285430
646.00000000 0.00284150
647.00000000 0.00282870
648.00000000 0.00281589
649.00000000 0.00280309
650.00000000 0.00279028
651.00000000 0.00279094
652.00000000 0.00279159
653.00000000 0.00279225
654.00000000 0.00279290
655.00000000 0.00279356
656.00000000 0.00279421
657.00000000 0.00279487
658.00000000 0.00279552
659.00000000 0.00279617
660.00000000 0.00279683
661.00000000 0.00280402
662.00000000 0.00281122
663.00000000 0.00281841
664.00000000 0.00282561
665.00000000 0.00283280
666.00000000 0.00283999
667.00000000 0.00284719
668.00000000 0.00285438
669.00000000 0.00286157
670.00000000 0.00286877
671.00000000 0.00285484
672.00000000 0.00284092
673.00000000 0.00282699
674.00000000 0.00281307
675.00000000 0.00279915
676.00000000 0.00278522
677.00000000 0.00277130
678.00000000 0.00275737
679.00000000 0.00274345
680.00000000 0.00272952
681.00000000 0.00269967
682.00000000 0.00266981
683.00000000 0.00263995
684.00000000 0.00261010
685.00000000 0.00258024
686.00000000 0.00255039
687.00000000 0.00252053
688.00000000 0.00249067
689.00000000 0.00246082
690.00000000 0.00243096
691.00000000 0.00243754
692.00000000 0.00244413
693.00000000 0.00245071
694.00000000 0.00245729
695.00000000 0.00246387
696.00000000 0.00247046
697.00000000 0.00247704
698.00000000 0.00248362
699.00000000 0.00249020
700.00000000 0.00249678
701.00000000 0.00250634
702.00000000 0.00251589
703.00000000 0.00252544
704.00000000 0.00253500
705.00000000 0.00254455
706.00000000 0.00255410
707.00000000 0.00256365
708.00000000 0.00257321
709.00000000 0.00258276
710.00000000 0.00259232
711.00000000 0.00254788
712.00000000 0.00250344
713.00000000 0.00245900
714.00000000 0.00241456
715.00000000 0.00237013
716.00000000 0.00232569
717.00000000 0.00228125
718.00000000 0.00223681
719.00000000 0.00219238
720.00000000 0.00214794
721.00000000 0.00217681
722.00000000 0.00220569
723.00000000 0.00223456
724.00000000 0.00226344
725.00000000 0.00229231
726.00000000 0.00232119
727.00000000 0.00235006
728.00000000 0.00237894
729.00000000 0.00240781
730.00000000 0.00243669
731.00000000 0.00245482
732.00000000 0.00247296
733.00000000 0.00249110
734.00000000 0.00250923
735.00000000 0.00252737
736.00000000 0.00254550
737.00000000 0.00256364
738.00000000 0.00258178
739.00000000 0.00259991
740.00000000 0.00261805
741.00000000 0.00257797
742.00000000 0.00253789
743.00000000 0.00249782
744.00000000 0.00245774
745.00000000 0.00241766
746.00000000 0.00237758
747.00000000 0.00233751
748.00000000 0.00229743
749.00000000 0.00225735
750.00000000 0.00221728
751.00000000 0.00215739
752.00000000 0.00209751
753.00000000 0.00203763
754.00000000 0.00197775
755.00000000 0.00191786
756.00000000 0.00185798
757.00000000 0.00179810
758.00000000 0.00173822
759.00000000 0.00167834
760.00000000 0.00161846
761.00000000 0.00168954
762.00000000 0.00176062
763.00000000 0.00183171
764.00000000 0.00190279
765.00000000 0.00197388
766.00000000 0.00204496
767.00000000 0.00211604
768.00000000 0.00218713
769.00000000 0.00225821
770.00000000 0.00232929
771.00000000 0.00231736
772.00000000 0.00230543
773.00000000 0.00229349
774.00000000 0.00228156
775.00000000 0.00226963
776.00000000 0.00225769
777.00000000 0.00224576
778.00000000 0.00223382
779.00000000 0.00222189

