380.0 1.0979e-02
381.0 1.0992e-02
382.0 1.1199e-02
383.0 1.0279e-02
384.0 9.5011e-03
385.0 9.7970e-03
386.0 8.4045e-03
387.0 8.1454e-03
388.0 8.0737e-03
389.0 8.0019e-03
390.0 7.6639e-03
391.0 7.5737e-03
392.0 7.5956e-03
393.0 7.5899e-03
394.0 7.3488e-03
395.0 7.1077e-03
396.0 6.8771e-03
397.0 6.6579e-03
398.0 6.4387e-03
399.0 6.3692e-03
400.0 6.3254e-03
401.0 6.3583e-03
402.0 6.6512e-03
403.0 6.9441e-03
404.0 8.6163e-03
405.0 1.3804e-02
406.0 2.5246e-02
407.0 4.4252e-02
408.0 5.1431e-02
409.0 7.3542e-02
410.0 4.3965e-02
411.0 3.1513e-02
412.0 1.5607e-02
413.0 1.0430e-02
414.0 9.4302e-03
415.0 8.7164e-03
416.0 7.4900e-03
417.0 6.7840e-03
418.0 6.6086e-03
419.0 6.4333e-03
420.0 6.5182e-03
421.0 6.6497e-03
422.0 6.7909e-03
423.0 6.9663e-03
424.0 7.1416e-03
425.0 7.4085e-03
426.0 7.7373e-03
427.0 8.0661e-03
428.0 8.4109e-03
429.0 8.7561e-03
430.0 9.3652e-03
431.0 1.0475e-02
432.0 1.2122e-02
433.0 1.2837e-02
434.0 1.3215e-02
435.0 1.4275e-02
436.0 2.0673e-02
437.0 3.1763e-02
438.0 4.0481e-02
439.0 5.5683e-02
440.0 6.8310e-02
441.0 8.3021e-02
442.0 8.5795e-02
443.0 5.9947e-02
444.0 1.3938e-02
445.0 1.1187e-02
446.0 8.6010e-03
447.0 8.0487e-03
448.0 7.6658e-03
449.0 7.3151e-03
450.0 6.9550e-03
451.0 6.5604e-03
452.0 6.1659e-03
453.0 5.8230e-03
454.0 5.5161e-03
455.0 5.2092e-03
456.0 5.1769e-03
457.0 5.1550e-03
458.0 5.1034e-03
459.0 4.9938e-03
460.0 4.8842e-03
461.0 4.6342e-03
462.0 4.3273e-03
463.0 4.0432e-03
464.0 3.9993e-03
465.0 3.9555e-03
466.0 3.9621e-03
467.0 4.0279e-03
468.0 4.0936e-03
469.0 4.1045e-03
470.0 4.1045e-03
471.0 4.1045e-03
472.0 4.1045e-03
473.0 4.1045e-03
474.0 4.1301e-03
475.0 4.1739e-03
476.0 4.2177e-03
477.0 4.1776e-03
478.0 4.1338e-03
479.0 4.0899e-03
480.0 4.0461e-03
481.0 4.0023e-03
482.0 4.0049e-03
483.0 4.0268e-03
484.0 4.0505e-03
485.0 4.0943e-03
486.0 4.1382e-03
487.0 4.1620e-03
488.0 4.1620e-03
489.0 4.1620e-03
490.0 4.1620e-03
491.0 4.1620e-03
492.0 4.2156e-03
493.0 4.4786e-03
494.0 4.3705e-03
495.0 3.8146e-03
496.0 3.8010e-03
497.0 4.2731e-03
498.0 3.5679e-03
499.0 3.3268e-03
500.0 3.0857e-03
501.0 2.9139e-03
502.0 2.8262e-03
503.0 2.7385e-03
504.0 2.6689e-03
505.0 2.6032e-03
506.0 2.5374e-03
507.0 2.4716e-03
508.0 2.4059e-03
509.0 2.3779e-03
510.0 2.3779e-03
511.0 2.3779e-03
512.0 2.3363e-03
513.0 2.2925e-03
514.0 2.2557e-03
515.0 2.2338e-03
516.0 2.2119e-03
517.0 2.2052e-03
518.0 2.2052e-03
519.0 2.2052e-03
520.0 2.2052e-03
521.0 2.2052e-03
522.0 2.1955e-03
523.0 2.1735e-03
524.0 2.1516e-03
525.0 2.1117e-03
526.0 2.0679e-03
527.0 2.0368e-03
528.0 2.0587e-03
529.0 2.0807e-03
530.0 2.2023e-03
531.0 2.3996e-03
532.0 2.5968e-03
533.0 2.8561e-03
534.0 3.1191e-03
535.0 3.3822e-03
536.0 3.6452e-03
537.0 3.9082e-03
538.0 4.2470e-03
539.0 4.6197e-03
540.0 4.9927e-03
541.0 5.3708e-03
542.0 5.7489e-03
543.0 6.2970e-03
544.0 7.0614e-03
545.0 8.5571e-03
546.0 1.1426e-02
547.0 2.8237e-02
548.0 4.2397e-02
549.0 6.5939e-02
550.0 9.3369e-02
551.0 8.1045e-02
552.0 5.7901e-02
553.0 4.0339e-02
554.0 1.9785e-02
555.0 1.2394e-02
556.0 1.0235e-02
557.0 8.8831e-03
558.0 7.8309e-03
559.0 6.9842e-03
560.0 6.5352e-03
561.0 6.1790e-03
562.0 5.8481e-03
563.0 5.6289e-03
564.0 5.4097e-03
565.0 4.8993e-03
566.0 4.4395e-03
567.0 4.0097e-03
568.0 3.7546e-03
569.0 3.5168e-03
570.0 3.4011e-03
571.0 3.5159e-03
572.0 3.9754e-03
573.0 4.5976e-03
574.0 5.3487e-03
575.0 6.5749e-03
576.0 9.6049e-03
577.0 1.3865e-02
578.0 1.7411e-02
579.0 2.0864e-02
580.0 2.1963e-02
581.0 2.3083e-02
582.0 2.2808e-02
583.0 1.9850e-02
584.0 1.5782e-02
585.0 1.2030e-02
586.0 5.6154e-03
587.0 4.5821e-03
588.0 3.9439e-03
589.0 3.6424e-03
590.0 3.3572e-03
591.0 3.0933e-03
592.0 2.8345e-03
593.0 2.5853e-03
594.0 2.4280e-03
595.0 2.3142e-03
596.0 2.1968e-03
597.0 2.0661e-03
598.0 1.9321e-03
599.0 1.8283e-03
600.0 1.7677e-03
601.0 1.7053e-03
602.0 1.6783e-03
603.0 1.6598e-03
604.0 1.6366e-03
605.0 1.5928e-03
606.0 1.5480e-03
607.0 1.5285e-03
608.0 1.5305e-03
609.0 1.5323e-03
610.0 1.5453e-03
611.0 1.5592e-03
612.0 1.5731e-03
613.0 1.5870e-03
614.0 1.6008e-03
615.0 1.5886e-03
616.0 1.5628e-03
617.0 1.5376e-03
618.0 1.5371e-03
619.0 1.5365e-03
620.0 1.5298e-03
621.0 1.5150e-03
622.0 1.4996e-03
623.0 1.5058e-03
624.0 1.5177e-03
625.0 1.5296e-03
626.0 1.5414e-03
627.0 1.5531e-03
628.0 1.5648e-03
629.0 1.5765e-03
630.0 1.5883e-03
631.0 1.5999e-03
632.0 1.6115e-03
633.0 1.6187e-03
634.0 1.6152e-03
635.0 1.6114e-03
636.0 1.6276e-03
637.0 1.6541e-03
638.0 1.6834e-03
639.0 1.7727e-03
640.0 1.8629e-03
641.0 1.9151e-03
642.0 1.9116e-03
643.0 1.9079e-03
644.0 1.9040e-03
645.0 1.8999e-03
646.0 1.8980e-03
647.0 1.9097e-03
648.0 1.9213e-03
649.0 1.9241e-03
650.0 1.9189e-03
651.0 1.9134e-03
652.0 1.8924e-03
653.0 1.8692e-03
654.0 1.8555e-03
655.0 1.8659e-03
656.0 1.8763e-03
657.0 1.8294e-03
658.0 1.7518e-03
659.0 1.6758e-03
660.0 1.6670e-03
661.0 1.6580e-03
662.0 1.6488e-03
663.0 1.6393e-03
664.0 1.6296e-03
665.0 1.6054e-03
666.0 1.5769e-03
667.0 1.5537e-03
668.0 1.5612e-03
669.0 1.5687e-03
670.0 1.5761e-03
671.0 1.5834e-03
672.0 1.5907e-03
673.0 1.5979e-03
674.0 1.6050e-03
675.0 1.6120e-03
676.0 1.6191e-03
677.0 1.6260e-03
678.0 1.6329e-03
679.0 1.6398e-03
680.0 1.6465e-03
681.0 1.6532e-03
682.0 1.6597e-03
683.0 1.6742e-03
684.0 1.7004e-03
685.0 1.7267e-03
686.0 1.7684e-03
687.0 1.8149e-03
688.0 1.8585e-03
689.0 1.8853e-03
690.0 1.9120e-03
691.0 2.0452e-03
692.0 2.2754e-03
693.0 2.5071e-03
694.0 2.4826e-03
695.0 2.4293e-03
696.0 2.3753e-03
697.0 2.3210e-03
698.0 2.2660e-03
699.0 2.2510e-03
700.0 2.2576e-03
701.0 2.2642e-03
702.0 2.2707e-03
703.0 2.2770e-03
704.0 2.2832e-03
705.0 2.2893e-03
706.0 2.2953e-03
707.0 2.3012e-03
708.0 2.3070e-03
709.0 2.3127e-03
710.0 2.3182e-03
711.0 2.3236e-03
712.0 2.3289e-03
713.0 2.3341e-03
714.0 2.3392e-03
715.0 2.3441e-03
716.0 2.3489e-03
717.0 2.3536e-03
718.0 2.3582e-03
719.0 2.3626e-03
720.0 2.3669e-03
721.0 2.3710e-03
722.0 2.3751e-03
723.0 2.3790e-03
724.0 2.3828e-03
725.0 2.3865e-03
726.0 2.3899e-03
727.0 2.3933e-03
728.0 2.3965e-03
729.0 2.3997e-03
730.0 2.4026e-03
731.0 2.4055e-03
732.0 2.4081e-03
733.0 2.4107e-03
734.0 2.4130e-03
735.0 2.4154e-03
736.0 2.4175e-03
737.0 2.4194e-03
738.0 2.4212e-03
739.0 2.4229e-03
740.0 2.4244e-03
741.0 2.4258e-03
742.0 2.4270e-03
743.0 2.4281e-03
744.0 2.4290e-03
745.0 2.4297e-03
746.0 2.4303e-03
747.0 2.4308e-03
748.0 2.4311e-03
749.0 2.4312e-03
750.0 2.4312e-03
751.0 2.4310e-03
752.0 2.4306e-03
753.0 2.4301e-03
754.0 2.4295e-03
755.0 2.4287e-03
756.0 2.4276e-03
757.0 2.4265e-03
758.0 2.4251e-03
759.0 2.4236e-03
760.0 2.4219e-03
761.0 2.4201e-03
762.0 2.4181e-03
763.0 2.4159e-03
764.0 2.4135e-03
765.0 2.4109e-03
766.0 2.4082e-03
767.0 2.4053e-03
768.0 2.4023e-03
769.0 2.3990e-03
770.0 2.3956e-03
771.0 2.3920e-03
772.0 2.3882e-03
773.0 2.3841e-03
774.0 2.3800e-03
775.0 2.3757e-03
776.0 2.3712e-03
777.0 2.3664e-03
778.0 2.3615e-03
779.0 2.3564e-03
